|7||9||  ||1||  ||  ||4||6||5|
------------------------
|4||  ||5||7||  ||8||  ||  ||2|
------------------------
|  ||3||2||4||6||5||  ||  ||8|
------------------------
|9||  ||  ||  ||  ||  ||  ||  ||  |
------------------------
|6||8||7||9||2||1||  ||  ||4|
------------------------
|3||5||4||  ||  ||7||9||  ||1|
------------------------
|  ||  ||  ||  ||4||  ||5||  ||  |
------------------------
|  ||  ||  ||  ||1||  ||  ||4||3|
------------------------
|  ||4||3||5||7||  ||8||  ||  |
------------------------
